175.0
175.0
70.0
200.0
175.0
70.0
175.0
70.0
175.0
70.0
175.0
70.0
205.0
175.0
95.0
155.0
50.0
180.0
175.0
70.0
220.0
175.0
95.0
171.5
175.0
95.0
190.0
205.0
195.0
115.0
181.5
205.0
53.0
210.0
211.5
155.0
155.0
175.0
70.0
206.5
175.0
175.0
70.0
175.0
70.0
175.0
95.0
175.0
95.0
175.0
190.0
175.0
95.0
200.0
175.0
200.0
180.0
175.0
70.0
201.5
185.0
211.5
200.0
175.0
70.0
175.0
70.0
175.0
95.0
175.0
70.0
195.0
195.0
175.0
95.0
181.5
181.5
185.0
180.0
175.0
70.0
180.0
80.0
175.0
95.0
80.0
200.0
176.5
185.0
176.5
170.0
195.0
115.0
175.0
70.0
180.0
175.0
195.0
181.5
-153.5
175.0
195.0
175.0
171.5
51.5
175.0
155.0
56.5
161.5
175.0
95.0
175.0
200.0
195.0
175.0
70.0
175.0
201.5
175.0
95.0
195.0
115.0
180.0
175.0
70.0
175.0
70.0
200.0
185.0
226.5
163.0
210.0
175.0
175.0
70.0
170.0
196.5
160.0
175.0
70.0
155.0
50.0
166.5
-178.5
175.0
70.0
200.0
190.0
195.0
195.0
115.0
185.0
175.0
95.0
175.0
70.0
195.0
180.0
50.0
180.0
175.0
95.0
175.0
70.0
180.0
175.0
70.0
175.0
70.0
205.0
-145.0
176.5
195.0
175.0
175.0
70.0
15.0
201.5
175.0
95.0
185.0
195.0
115.0
176.5
195.0
175.0
175.0
70.0
200.0
175.0
95.0
195.0
205.0
175.0
155.0
175.0
195.0
175.0
95.0
200.0
175.0
95.0
155.0
50.0
185.0
175.0
70.0
210.0
121.5
196.5
175.0
70.0
175.0
70.0
175.0
70.0
175.0
95.0
80.0
175.0
95.0
175.0
95.0
175.0
70.0
180.0
190.0
181.5
165.0
210.0
76.5
155.0
50.0
155.0
50.0
196.5
200.0
95.0
175.0
70.0
175.0
195.0
185.0
195.0
175.0
70.0
180.0
96.5
175.0
70.0
175.0
70.0
171.5
91.5
175.0
176.5
175.0
180.0
50.0
210.0
155.0
50.0
100.0
151.5
71.5
175.0
216.5
111.5
6.5
220.0
128.0
23.0
-162.0
195.0
194.5
195.0
115.0
195.0
115.0
180.0
175.0
95.0
205.0
180.0
175.0
70.0
201.5
115.0
205.0
180.0
97.5
221.5
195.0
155.0
50.0
200.0
220.0
180.0
216.5
170.0
185.0
195.0
115.0
175.0
70.0
175.0
175.0
175.0
95.0
175.0
70.0
175.0
70.0
175.0
70.0
186.5
210.0
201.5
175.0
70.0
150.0
